42
209
286
293
513
553
559
680
701
714
852
1103
1126
1221
1239
1273
1280
1299
1351
1403
1668
1836
1853
1916
2018
2116
2152
2497
2516
2518
2603
2613
2686
2854
2857
2895
2905
2914
3130
3252
3257
3267
3277
3292
3301
3303
3327
3333
3356
3491
3549
3561
3741
3856
4589
4608
4777
4780
5056
5390
5392
5396
5400
5403
5413
5418
5430
5466
5503
5511
5524
5583
5588
5645
5650
6453
6539
6667
6720
6730
6762
6774
6798
6805
6830
6881
6939
7018
7363
7575
7660
8075
8218
8220
8222
8224
8245
8268
8283
8315
8319
8331
8339
8359
8365
8387
8422
8426
8447
8455
8468
8470
8492
8551
8560
8596
8607
8648
8674
8708
8758
8763
8816
8851
8897
8928
8966
9002
9026
9031
9063
9143
9150
9189
9264
9304
9318
9505
10026
10310
10848
11403
11537
11686
12306
12350
12355
12401
12414
12577
12637
12713
12779
12859
12895
12902
12956
12971
12989
13030
13041
13101
13184
13189
13237
13285
13760
14026
14061
14361
14840
15290
15435
15479
15547
15600
15605
15695
15699
15703
15830
16004
16030
16086
16265
16298
16314
16347
16735
17451
18106
19151
19653
19754
19782
20080
20495
20504
20562
20612
20704
20751
20764
20912
20932
20940
20953
21013
21099
21156
21263
21336
21360
21385
22548
22652
22691
22822
22873
23106
23673
24441
24482
24516
24592
24753
24793
24875
24880
24931
24953
24992
25061
25091
25152
25160
25178
25220
25227
25933
26415
27257
28138
28220
28329
28571
28760
28788
28917
28929
29075
29140
29222
29449
29527
29550
29608
29611
29636
29680
29686
29691
29838
30132
30844
30892
30914
31019
31042
31122
31133
31383
31424
31727
31800
32614
32653
32787
32934
33132
33437
33845
33891
34019
34177
34224
34245
34288
34305
34347
34594
34781
34790
35054
35228
35320
35332
35369
35699
36236
37100
37239
37271
37468
37497
37542
37640
37650
37662
37680
37989
38726
38880
38883
39202
39591
39651
39792
39821
39912
40191
40387
41095
41497
41617
42473
42541
42708
43100
44030
45177
45352
45896
46450
47872
48285
48526
49375
49463
49544
49605
49835
50300
50304
50384
50620
50763
50989
51185
51405
52720
52863
53067
53070
53364
54104
54728
56730
57381
57463
57821
58299
58308
58511
58682
58901
59469
59689
59715
59891
60427
60458
61673
62567
63956
64396
196621
197264
198249
198290
198385
200130
202018
202032
202194
204028
262317
262757
262868
263075
263152
263584
263651
264911
327781
327813
327984
327995
328145
393406
